f
1;1;1;1;1;1;1;1;1;1;1;1;1;1;1;1;1;1;1;1
1;0;1;1;1;1;1;1;1;1;1;1;1;1;1;1;1;1;1;1
1;1;0;1;1;1;1;1;1;1;1;1;1;1;1;1;1;1;1;1
1;1;1;0;1;1;1;1;1;1;1;1;1;1;1;1;1;1;1;1
1;1;1;1;0;1;1;1;1;1;1;1;1;1;1;1;1;1;1;1
1;1;1;1;1;0;1;1;1;1;1;1;1;1;1;1;1;1;1;1
1;1;1;1;1;1;0;1;1;1;1;1;1;1;1;1;1;1;1;1
1;1;1;1;1;1;1;0;1;1;1;1;1;1;1;1;1;1;1;1
1;1;1;1;1;1;1;1;0;1;1;1;1;1;1;1;1;1;1;1
1;1;1;1;1;1;1;1;1;0;1;1;1;1;1;1;1;1;1;1
b
1;1;1;1;1;1;1;1;1;1;1;1;1;1;1;1;1;1;1;1
1;1;1;1;1;1;1;1;1;1;1;1;1;1;1;1;1;1;1;1
1;1;1;1;1;1;1;1;1;1;1;1;1;1;1;1;1;1;1;1
1;1;1;1;1;1;1;1;1;1;1;1;1;1;1;1;1;1;1;1
1;1;1;1;1;1;1;1;1;1;1;1;1;1;1;1;1;1;1;1
1;1;1;1;1;1;1;1;1;1;1;1;1;1;1;1;1;1;1;1
1;1;1;1;1;1;1;1;1;1;1;1;1;1;1;1;1;1;1;1
1;1;1;1;1;1;1;1;1;1;1;1;1;1;1;1;1;1;1;1
1;1;1;1;1;1;1;1;1;1;1;1;1;1;1;1;1;1;1;1
1;1;1;1;1;1;1;0;1;1;1;1;1;1;1;1;1;1;1;1
l
1;1;1;1;1;1;1;1;1;1;1;1;1;1;1;1;1;1;1;1
1;1;1;1;1;1;1;1;1;1;1;1;1;1;1;1;1;1;1;1
1;1;1;1;1;1;1;1;1;1;1;1;1;1;1;1;1;1;1;1
1;1;1;1;1;1;1;1;1;1;1;1;1;1;1;1;1;1;1;1
1;1;1;1;1;1;1;1;1;1;1;1;1;1;1;1;1;1;1;1
1;1;1;1;1;1;1;1;1;1;1;1;1;1;1;1;1;1;1;1
1;1;1;1;1;1;1;1;1;1;1;1;1;1;1;1;1;1;1;1
1;1;1;1;1;1;1;1;1;1;1;1;1;1;1;1;1;1;1;1
1;1;1;1;1;1;1;1;1;1;1;1;1;1;1;1;1;1;1;1
1;1;1;1;1;1;1;1;0;1;1;0;1;1;0;1;1;1;1;1
r
1;1;1;1;1;1;1;1;1;1;1;1;1;1;1;1;1;1;1;1
1;1;1;1;1;1;1;1;1;1;1;1;1;1;1;1;1;1;1;1
1;1;1;1;1;1;1;1;1;1;1;1;1;1;1;1;1;1;1;1
1;1;1;1;1;1;1;1;1;1;1;1;1;1;1;1;1;1;1;1
1;1;1;1;1;1;1;1;1;1;1;1;1;1;1;1;1;1;1;1
1;1;1;1;1;1;1;1;1;1;1;1;1;1;1;1;1;1;1;1
1;1;1;1;1;1;1;1;1;1;1;1;1;1;1;1;1;1;1;1
1;1;1;1;1;1;1;1;1;1;1;1;1;1;1;1;1;1;1;1
1;1;1;1;1;1;1;1;1;1;1;1;1;1;1;1;1;1;1;1
1;1;1;1;1;1;1;1;1;1;1;1;1;1;1;1;1;1;1;1